3.90339
3.90349
3.9036
3.9037
3.90381
3.90391
3.90402
3.90412
3.90423
3.90433
3.90444
3.90455
3.90465
3.90476
3.90487
3.90497
3.90508
3.90519
3.9053
3.90541
3.90551
3.90562
3.90573
3.90584
3.90595
3.90606
3.90617
3.90628
3.90639
3.9065
3.90339
3.90339
3.90349
3.9036
3.9037
3.90381
3.90391
3.90402
3.90412
3.90339
3.90349
3.90339
3.90349
3.9036
3.9037
3.90381
3.90391
3.90402
3.90412
3.90423
3.90433
3.90444
3.90455
3.90465
3.90476
3.90487
3.90497
3.90508
3.90519
3.9053
3.90541
3.90551
3.90562
3.90573
3.90584
3.90595
3.90606
3.90617
3.90628
3.90639
3.9065
3.90661
3.90672
3.90683
3.90695
3.90706
3.90717
3.90728
3.90739
3.90751
3.90762
3.90329
3.90329
